5000
0.542129
-5.719777
8.790751
2.153647
9.914322
1.309930
1.349633
3.446408
-3.584167
-1.991440
-2.479543
1.888734
6.342584
-2.122892
2.751317
-2.803731
-13.097645
-0.624607
-9.046216
3.432978
-4.215780
-2.465557
-2.091631
-0.664422
-6.219699
0.895668
-5.972768
-2.635759
-8.568268
1.382199
11.097281
7.258374
-11.229783
1.465915
-5.670476
-0.611616
-1.346292
1.114554
-4.664720
-0.420038
-8.399813
-0.965314
3.910365
-0.363719
1.752608
-1.178819
-1.108172
-5.108801
-4.921370
-3.139071
-7.268007
-2.841857
-5.716058
-1.812657
0.852400
0.735349
-8.810420
3.477119
2.212166
-4.978558
-0.101816
9.952918
-0.508578
8.320213
6.898324
-4.027701
-0.444745
-0.885835
-4.044574
-11.933306
5.919139
-8.962609
-6.994864
6.388284
7.250218
7.884836
-1.189601
-0.769474
-0.523676
-0.363233
11.646774
-5.959713
7.279330
-0.494728
-2.036188
-5.400980
0.462231
-1.460516
-2.551338
1.956268
-3.500848
-6.047586
-11.087678
-3.268024
3.256972
-3.204595
-1.209771
-3.650571
5.703196
-5.626844
-11.485324
13.806627
1.812163
5.625049
5.546059
8.898356
-4.805072
5.412657
13.311704
4.183138
2.724302
-6.549684
3.441805
-7.998997
7.797750
-5.243594
2.058670
-0.040372
4.310474
-3.883409
-5.829151
-0.139094
3.412206
-5.323466
8.486614
1.753810
-0.748630
3.553424
-8.102593
-1.716716
0.453123
-3.322633
1.352618
8.735162
1.881941
0.815125
-2.497330
-3.547983
4.304087
-5.080648
10.389242
2.032634
0.729252
-10.282621
-4.166760
0.560864
1.150194
-6.187223
13.960611
-4.391075
-3.920966
3.463217
0.528231
3.891535
-6.292019
2.451617
2.703175
-1.576557
-0.063813
-1.944597
6.661729
-3.119931
-0.020515
5.463704
-0.770707
-4.726468
10.146804
-4.987963
3.268534
4.082099
-4.700050
-5.314813
8.492224
-4.852076
-2.636117
-0.902130
3.891663
1.204686
-2.307117
3.009621
-9.057814
-3.953144
3.369281
8.128774
-8.474316
2.055274
5.869635
4.623258
0.854945
5.107445
-2.580803
-1.038711
8.834084
-4.804221
4.384317
-7.112748
4.844958
-0.172364
-5.272822
2.128278
2.491002
-8.379778
4.965863
1.291419
-17.711287
-2.261511
0.794919
3.899050
5.649033
1.768505
2.876276
4.397218
5.412737
1.629059
6.858718
-2.787194
5.234105
3.520475
-13.697938
2.411518
0.984325
2.408806
-2.859608
2.539678
-7.877218
6.191572
3.590101
1.928658
-7.735054
5.933499
1.895604
-0.428129
-0.617324
-2.657537
0.590863
-0.184800
-0.615179
3.250878
-9.355775
-2.834933
2.908650
4.529236
-5.379281
-0.217533
-4.149703
1.824156
0.961428
2.230374
3.805056
2.448489
-3.880636
-1.199832
-5.521138
-6.491711
0.455551
-4.431164
-6.749689
7.198786
2.146571
11.440389
-5.488004
-2.233028
0.573303
-10.497659
-2.682219
5.225175
-0.299320
0.230376
-1.897641
1.422541
-4.531900
-4.068583
-7.230787
6.127268
-3.693151
-2.491194
-1.343476
4.221479
-2.925474
-10.460692
5.773958
4.921418
-8.166791
2.593293
-3.346054
3.882889
3.838013
-4.508476
2.682450
-5.854891
0.986356
-6.666208
-2.125920
-0.783835
0.601018
-4.354460
2.529628
3.625776
5.948165
-4.381032
0.697755
-2.123549
-0.165670
-9.632131
-5.847986
3.077689
-3.342746
-2.355195
1.211341
-3.941662
4.406004
0.978207
-1.961342
-3.098644
-8.173029
-2.526795
-7.015772
8.588158
-3.069329
-8.836026
-7.576046
0.497756
-0.382609
1.701140
2.537701
1.340248
-8.737241
-8.685156
-6.188636
7.993641
-11.852659
-1.826416
-5.194474
-0.555427
4.127209
4.289582
-2.764503
-5.669293
3.277216
3.603151
1.346165
0.458992
-3.300888
-7.923608
0.808072
2.345949
2.175790
-0.921295
7.275186
-3.766027
7.028021
0.868752
4.737397
-3.320129
-4.778259
-3.931757
-0.133378
2.544237
-7.203590
-1.017303
2.903565
-5.134897
-0.807978
-0.138984
-4.201488
-6.053865
-2.357904
6.879909
-1.400970
2.621731
10.409927
-2.298453
-2.263373
3.783238
-1.396010
-9.075187
2.803781
1.118822
-8.867845
-0.721265
-6.173985
-4.965963
-4.532607
5.644074
6.182568
-4.947166
7.132932
3.573213
-8.163728
-5.330852
2.860782
-0.902679
5.989358
-2.925613
-0.149238
-5.038144
-10.164083
-4.198910
11.716448
8.952316
1.034260
-0.386738
1.169250
4.968134
-1.014600
-1.127062
6.093556
6.901059
-2.639253
0.057408
-1.908884
10.077517
-1.567559
0.238338
-5.427131
4.992563
-1.756731
13.294058
5.770325
2.847777
8.128130
1.626374
-4.422513
-4.367677
-1.036836
3.568607
-0.541599
-0.362036
-3.000125
7.057624
0.321417
-1.461324
2.710729
8.281903
2.759215
-0.714114
7.203166
10.470465
-6.067892
2.595641
-2.742858
-4.972925
2.750312
-0.316827
-6.233521
0.086556
-1.306269
0.974790
1.622520
-4.457556
8.120364
0.226936
-3.904824
5.628950
-6.084363
1.745378
-2.570119
-5.119751
3.816773
-3.858168
-0.975155
-0.104880
3.753388
6.332600
-9.411376
6.313855
-4.584838
-1.498418
-5.656217
0.169079
-0.246902
1.817290
0.975408
-1.060990
0.600562
-4.701763
0.204479
2.874376
4.710021
0.154815
4.026858
-0.601376
-6.509190
-2.359751
-6.454105
1.071484
-3.628931
-3.250956
-6.326681
-0.560922
-8.752276
-5.232937
1.571265
2.901047
3.660454
-7.053728
-3.859276
7.428793
-0.539131
1.150907
-0.103594
7.398192
12.578176
11.556120
-1.801764
-1.038103
4.816820
-9.354859
5.941446
5.810098
-1.136709
-0.031140
-6.522463
-5.366934
3.470764
-8.839522
-1.107762
4.412253
4.829828
3.011301
3.358287
-2.073739
4.613227
-4.689815
-0.828674
-3.745372
1.078020
0.229093
-1.419526
-0.230043
-2.062836
-4.743134
8.225121
-12.077759
2.731563
-0.160691
-9.441263
5.681893
5.735481
-3.057436
5.774641
-5.347882
-1.452356
11.741245
7.946088
-0.711892
5.877052
-3.843622
-4.793251
4.879651
3.752480
-0.124920
1.234767
-11.168600
9.129846
1.527023
-2.249315
-0.477664
3.780722
3.427740
3.048647
-8.107348
3.623635
-7.718665
-6.936486
9.052859
-0.043660
-2.546684
1.593348
5.373598
1.285959
-5.507359
-2.014001
2.255366
-2.130198
6.422985
1.911210
-2.049335
-4.543948
0.487309
-0.776739
4.541235
0.279582
0.382703
2.297673
1.121967
-1.444211
0.439547
-1.078161
5.107184
5.507493
-2.773190
-11.194457
7.306633
10.261302
2.096426
-6.842717
2.470527
-7.428875
-3.409980
-6.751259
-3.544211
2.569295
0.866068
4.150104
-0.328688
-5.805086
6.167093
-4.897619
-1.459663
3.092726
-11.793545
3.869877
1.330603
-2.404717
2.836013
6.937727
-1.581040
0.773865
2.835216
0.650534
-7.959104
1.170373
2.900820
-4.989353
-3.775797
-0.536013
1.559329
-1.763890
-3.863322
0.398342
-1.217068
-2.436732
3.844479
-1.795563
-0.214861
-4.126508
-2.493267
0.230785
-7.155059
0.695987
-4.637237
-13.809490
-0.391432
2.698650
-2.673360
1.406382
-2.068453
3.324428
-2.819459
3.973415
-4.401474
-0.642930
2.518427
-8.998903
2.646736
-5.617672
-1.816742
1.017011
-10.581698
0.270555
-2.770375
-2.320879
0.091985
-4.883665
1.795466
1.697928
1.265496
-7.130296
2.672170
11.632921
3.455096
6.643552
-5.916026
-3.082472
6.290304
-6.198705
9.893001
2.037138
0.352763
-2.232809
0.701300
7.763220
-4.368322
3.125721
-4.696347
-0.515131
-5.717525
-3.288331
0.037852
-0.502983
1.261651
-1.461326
3.458856
-3.018925
5.853906
0.516756
-10.741478
-5.572536
1.046537
1.939113
8.080238
5.374600
-8.377916
7.270234
3.162602
-7.268248
-2.092263
-8.242365
-2.160375
5.596154
-9.221369
4.636364
1.738556
-0.553432
-4.939491
-3.272541
0.879307
-3.976435
-11.270275
-1.865050
1.556460
9.072782
0.881079
3.874356
-0.367828
8.126627
6.890788
-10.173532
-5.135867
-0.020328
-1.693943
0.518414
-0.545593
3.085921
3.421865
4.320478
-5.833262
1.684758
-7.110251
4.258890
-7.090129
-3.175943
-0.095190
-0.055488
3.617674
-1.631172
-4.249121
-8.125109
-1.696761
5.452422
3.105858
-1.263424
-5.091856
6.324587
-0.172194
-0.598327
0.025103
-1.895900
-1.001272
4.065068
1.095480
4.359155
3.323531
4.730834
-4.178236
-6.297380
-1.759262
-2.005514
-9.242395
-0.134338
-0.161968
-10.400460
2.229598
-0.526027
5.595495
2.377329
8.624296
-9.246792
0.633390
2.200344
3.865799
4.510408
-10.560162
6.871891
2.992560
10.374944
2.677980
4.906326
-3.886063
6.720959
2.427528
-0.348583
-1.276013
2.074627
-0.793548
-5.262473
6.622191
2.370984
2.725232
5.439018
3.931589
-6.396720
-11.822781
-3.214691
0.614665
-6.925639
6.397936
-3.648342
-1.566191
0.877614
3.904819
0.608063
-6.151133
9.675393
-5.138007
2.643191
-4.357869
-1.985703
-3.713835
1.973567
2.478551
-1.646719
6.326371
-6.375917
7.166117
-4.225702
6.005219
-1.711453
-0.459117
2.001845
-2.076386
-10.040595
1.369383
-2.001347
2.533863
1.685855
5.033125
-7.499519
0.610607
3.724335
6.685609
3.776963
-5.014321
-9.036374
-6.661096
1.335934
1.347143
-4.933276
-1.948424
-6.344112
-1.151824
5.823278
0.548360
7.235169
2.882896
-2.295470
-1.579146
2.725115
9.629663
4.739029
4.268649
-0.243337
-4.212705
-5.787895
4.197197
-5.758913
-1.665995
2.879039
0.726523
-1.226781
2.273912
-1.332989
-2.325134
-3.980765
6.260962
-1.456531
0.988790
1.288428
6.842994
-1.140861
3.120583
-2.618751
10.220198
6.268995
-3.252706
4.563838
-4.161948
-8.251381
0.232090
-3.055754
-0.517816
-11.581993
-0.979814
1.110284
1.583062
5.090711
2.754381
-2.751718
-0.614671
5.215440
6.378746
1.490191
-2.671147
0.510886
0.120627
-4.721645
-0.452513
2.334794
4.919632
-3.794760
8.897778
-4.755870
-2.531112
6.263484
5.289017
0.433490
8.388825
0.740999
0.942045
13.398677
-1.147614
0.945078
-2.645013
5.163238
1.797483
3.062520
-0.636077
-3.211729
-5.632813
6.897333
-9.367011
-4.628656
2.549424
-5.120198
-5.769799
1.296718
-5.325188
0.063432
0.430724
-1.469224
0.037676
0.828364
1.677294
-6.456078
-7.264415
-0.527032
5.140425
-2.939891
8.299099
-2.692387
3.152668
-1.523896
-4.689940
-2.588549
5.824186
2.450494
0.548452
9.202557
-3.386788
-4.792652
0.555625
0.003989
-3.666777
-4.457389
-4.430226
-2.430112
-3.695236
2.710991
-5.416345
1.853688
0.687986
2.503966
-5.229890
2.771426
5.126548
-6.462114
-2.057332
-12.644317
-5.046269
-3.606744
-2.185528
-12.698498
-12.570347
1.443937
4.290670
3.356073
-2.501517
-6.634648
5.953546
-0.615878
6.862687
8.526665
1.732790
-2.883608
-1.389944
6.005266
-2.251815
4.233265
-0.627244
-8.135365
1.956875
0.312116
-5.710816
0.325800
-0.088200
-1.100418
-2.512025
-3.971430
0.215858
0.521500
-0.165687
6.068219
7.571828
3.023629
4.683272
-2.840614
0.055908
-1.543415
-4.164526
1.672510
-0.720722
-9.336737
-1.030573
8.736280
-2.920245
0.828757
-1.538996
-2.219124
-5.078780
2.957203
-5.417200
-1.492843
-2.078978
6.356819
4.765326
-4.955448
-2.226112
-3.342993
-4.137131
5.397785
7.202811
-4.577294
-0.407607
5.794928
-8.935015
6.835504
-4.485512
-0.207574
0.379231
3.738080
0.251159
4.029940
1.903870
-0.203749
-0.401285
10.748802
-8.249179
-1.063967
5.476126
6.606786
4.648631
0.763533
-4.757993
10.556461
-3.711451
-1.096974
-2.547478
1.307759
-0.393489
-0.353687
6.744032
-1.972559
-8.794570
-3.957727
-6.715659
0.929509
-4.780803
-4.947392
6.266205
-3.836779
2.694551
4.786281
2.509325
-2.747894
0.328678
-4.612868
-0.523707
-0.381811
4.358302
-2.990366
2.028004
-3.483079
3.856437
3.635822
0.162910
-1.245915
-8.544392
1.919378
1.556430
-2.990452
7.703627
1.573820
4.300260
1.205957
-6.056109
-2.797747
3.350926
6.308031
-2.811783
-6.380799
0.621433
1.408459
-1.074236
0.845880
-1.009707
2.207144
7.579221
0.770042
4.125034
-0.113653
-0.375170
9.040265
-2.370102
1.589601
-6.057457
4.761980
0.468092
-4.880263
-7.113305
-5.355478
9.273761
-2.572455
-5.501499
3.231699
4.391894
6.156253
0.610429
0.640214
-11.043372
-2.111305
7.680504
4.083629
8.391050
-2.386288
-4.566647
2.320706
0.905167
-0.902482
0.087009
-3.807639
5.899679
3.695762
2.639899
9.071516
4.399340
5.415632
-2.793749
5.461133
5.470018
-7.410634
-2.175210
8.304874
2.765520
-4.274478
-4.204015
4.289052
-3.446415
5.401570
1.095154
-2.169920
9.000630
7.941133
-3.159295
5.887215
2.740527
-4.654585
2.391742
-7.131513
3.477701
7.313591
-5.710605
-9.365093
-3.325053
4.221700
-6.397658
1.763290
-2.339411
2.263727
1.660622
2.503786
4.412331
-5.204552
-12.725137
5.666638
-2.995494
1.047298
4.086083
-7.265486
-7.938129
-2.974601
5.618020
-6.967626
-11.559089
-1.895644
6.142449
5.850281
1.084408
9.221524
6.860830
-5.508552
4.574296
2.544810
-1.979329
-6.146050
2.771751
5.456915
-6.487377
-0.429435
4.193683
1.130721
4.028421
-3.154728
-8.473497
2.899395
-5.241231
-4.655890
-7.470042
0.460022
-1.780700
3.198993
1.239775
0.042812
3.865498
-0.558689
-2.191614
3.380456
0.861017
-1.645692
-11.076004
0.997142
1.148575
-2.471730
5.404087
-8.924432
3.930106
4.515421
1.513462
6.810831
-15.446756
0.268119
10.428349
-0.156168
-4.594186
3.087383
-1.237065
-7.346509
-5.040447
0.613725
-4.966077
-5.465063
0.129952
-5.241252
0.951311
2.498830
-5.202394
0.236049
-6.204562
-6.150053
-6.226942
2.083939
-0.435313
-0.675651
1.295843
-4.875624
5.051223
-4.898367
1.545800
-2.130042
4.793935
-0.638755
-5.709701
-1.673316
15.082843
3.780720
-0.391679
-3.718071
0.463281
-5.177880
0.627735
9.399622
-6.287411
-6.106559
-2.914205
-9.233862
2.373400
2.548271
-1.072579
-0.656034
-1.898135
0.526432
-0.199951
-0.068240
4.570502
-4.986108
2.393737
1.861715
-6.850407
4.625998
2.198886
1.772402
1.360049
1.083574
-2.045885
-1.005299
-2.905116
-2.285979
6.978785
-1.757267
-2.723022
5.406988
1.780948
1.221207
-0.640429
-6.943438
1.971213
0.018284
10.275274
2.826941
0.421254
-3.802332
-2.121736
3.615112
-8.304420
-0.421084
4.252424
-2.426229
-2.030773
9.469564
-2.608553
7.762545
-0.549017
0.519021
-0.029545
-0.473574
8.223753
-0.216342
-5.272478
1.532075
0.462834
-0.345966
-0.960278
-5.610520
-3.002723
2.703863
-3.555904
-2.940948
3.722639
-8.313094
-10.486771
-5.501762
1.794840
-4.709180
5.287047
-2.824675
9.531909
-9.951306
-3.512436
-4.904694
-2.723134
-14.972199
-5.079297
2.325885
8.098462
3.827587
-2.565950
11.258847
0.483032
2.741674
-11.988169
-3.775000
-8.102966
-3.102975
-2.882434
-14.582638
0.271609
-3.332539
4.380099
-8.207538
-5.147922
-1.706962
-1.212374
1.224402
4.136434
1.579867
6.443495
2.724995
-0.395731
2.053976
5.317662
-2.645930
-1.959377
0.420198
-3.054864
-12.561413
-4.506701
0.458179
-3.633500
4.106142
10.673395
-7.940805
-3.078051
-0.614777
7.760690
-9.173419
4.888873
-0.247140
1.938618
12.106960
4.023662
-1.586246
1.905352
1.142244
-10.972909
3.316378
0.097735
1.085843
8.751867
-14.640067
-8.206457
2.741489
-3.390443
0.799901
0.140752
7.358672
-1.482692
-4.744469
-15.415313
-2.391476
-3.894071
-2.487426
6.516739
9.273627
5.177558
-1.555730
-1.769698
1.115905
-6.192849
-5.398991
0.859610
-1.008038
-3.085013
-7.768862
3.322630
-0.310184
-6.577292
0.433936
2.905478
-3.943683
-1.264526
1.243405
2.748192
-11.761273
3.061127
5.927822
0.292909
4.900011
-1.807516
9.582963
7.535135
5.069261
-2.091729
1.665559
-3.878894
2.019866
6.557122
-1.072078
-2.887853
3.961163
-7.856875
-3.184734
-10.304187
6.717265
9.307687
4.161787
0.331377
-4.729547
-1.042355
1.578828
-2.480878
-6.392891
1.473572
-2.126373
-7.766455
-4.668424
-2.523945
-8.388341
1.057521
-3.649506
4.863177
-0.036441
5.992583
-2.358435
0.184854
6.078376
-0.387924
-3.041030
-11.046681
10.800784
4.707268
-3.127062
6.282580
-11.076782
-0.291066
-1.666907
13.526816
-4.834438
2.438502
0.703026
1.477978
3.845227
5.612536
4.435371
0.659672
3.166711
2.294066
-2.035820
3.454310
-6.867862
2.959417
1.083504
-4.130174
-5.651499
-4.772848
3.445647
2.137318
-2.407168
1.089007
-8.157618
4.746743
7.517091
-2.811174
1.985888
-1.866151
5.101724
-6.467449
-0.480571
-3.420494
2.579792
0.001485
9.020637
-4.881021
9.951802
7.115130
-11.971564
0.823574
1.774511
4.480457
-1.223206
-5.656511
4.797040
-1.855767
-6.932072
0.780493
-7.088790
-0.038798
-1.483720
-5.007198
0.459596
3.769843
3.345005
9.725034
-1.916516
-2.752055
1.556595
4.780599
3.588027
0.267667
-4.386803
5.669366
3.666318
8.801344
1.602470
5.419879
-4.243943
8.384359
-1.254880
-0.273181
-1.912380
3.094320
-0.946271
-7.479499
-0.046216
8.554693
-3.170264
-5.412310
0.824308
-1.282413
-3.598527
8.478338
4.218413
-5.857216
0.460465
1.710918
-0.687435
-0.278900
-6.286135
4.766629
7.776919
7.967858
-4.569103
-2.298449
3.960050
4.128947
-1.515434
2.753847
7.288191
-1.482014
3.138640
-1.165044
0.988816
-6.760529
-10.785888
-5.889275
-1.134838
-2.863982
-5.230010
0.384769
3.568384
3.028175
-9.461695
6.319185
2.123477
-12.113424
-4.352206
-7.972400
-0.420683
7.427590
-12.983950
6.972733
2.035475
-3.243983
2.448728
-3.480204
-1.567815
-10.577203
8.420436
2.900540
2.556794
-0.139567
-1.217097
-2.361164
9.541725
1.945089
-7.100244
-0.504579
-0.749993
-7.174029
4.653616
-3.225273
3.561939
-5.046835
6.037446
-3.526280
2.397838
3.402761
-3.641632
7.517079
-5.660018
0.422812
0.580071
-1.372369
-1.780271
1.417104
2.910578
8.006334
5.923362
-3.031175
5.859039
7.099057
0.689210
2.948704
-4.420882
-8.141781
-1.165800
2.232654
-1.476389
0.844581
3.090837
5.336864
-4.424120
7.642631
6.300541
-2.954470
-5.295645
-0.987451
1.277275
-6.843551
-3.787878
3.400404
4.950281
1.890057
5.893011
7.485490
-9.472149
0.856786
1.799060
3.173456
-2.597710
12.540495
5.093551
2.103057
-0.918567
-8.178940
-9.262118
-4.142433
-2.218318
-2.373054
8.250587
-0.287021
-5.036412
1.642377
-4.965202
-3.366431
-1.328198
1.424572
6.648674
-0.289001
-6.960355
-8.274242
6.550334
6.815184
-5.008325
4.710479
4.078450
-2.669650
-0.087175
8.592661
5.370312
-2.953265
0.717846
5.172375
-7.963657
8.244996
4.930710
0.205190
-3.371267
2.799845
3.374390
5.872089
-2.390721
5.997375
2.438138
-5.720229
0.464458
-4.790429
-6.650985
-1.201289
-5.049825
-4.123761
1.178809
-1.416363
6.442583
3.236004
-1.644387
-7.038188
6.479826
0.985659
1.352907
4.546860
3.047224
-3.470304
2.372627
6.932035
-4.158759
-3.270482
7.474282
-2.656371
3.273084
4.938877
3.484004
0.042674
-7.735510
-7.491302
0.982895
-0.501550
5.526615
4.057108
0.035208
-2.332726
0.785705
0.310210
-6.004104
-3.050819
-2.969255
5.531770
2.582091
1.379195
-4.308581
-5.423341
6.648480
3.325362
-2.362550
-12.545164
-3.203770
-5.253813
4.358784
-6.961159
6.543778
-3.307608
-2.953305
2.532845
1.508839
0.737030
2.572942
0.369023
3.097054
-8.398959
4.260324
3.183134
8.975480
7.516673
-3.266822
-5.255040
-2.220980
5.283239
-4.426625
-1.124145
3.767319
1.051314
-0.953254
0.949728
-8.245065
4.938106
-1.020466
5.475712
7.504560
-2.880626
-0.645738
2.241113
7.207687
7.088699
-4.676486
-3.422173
6.011008
1.032441
-4.893758
-3.321129
-0.439218
1.472230
0.828342
1.286973
-1.003569
-0.574090
6.218602
4.169651
6.010459
10.793007
-1.512547
6.332197
6.871374
0.752179
3.738370
-7.157239
-0.463315
5.103090
-5.862771
-1.960679
-2.381731
-0.748232
5.176451
-2.489275
4.926645
-1.818710
-2.899149
-3.516708
0.610663
7.662189
-9.935932
0.438821
7.304014
4.283826
3.113562
0.107331
-2.076997
-5.670697
-2.614756
8.890032
-11.924671
8.000002
1.442509
-1.385707
-2.710392
5.232107
-0.883613
-0.622063
-0.826247
2.508156
-1.786991
1.506182
-6.295467
-2.776246
2.496118
0.599656
0.933220
6.860188
1.408993
10.119125
3.226380
6.456675
-1.070282
-6.234688
0.224193
2.026075
-1.434641
-4.051961
-2.752938
-9.900628
11.053335
4.498954
0.528655
2.638845
2.041889
-2.308650
0.354599
1.764028
-2.187255
-2.770977
-0.331883
1.803351
7.337091
-6.584053
0.147911
3.264364
6.077195
0.912859
-13.458878
-8.734176
-1.002697
1.429537
3.069334
0.285872
0.459016
-10.060552
-2.274190
-5.212580
5.600907
0.278174
-0.217191
-6.226384
7.405235
-0.605765
-2.246321
1.382857
3.307334
-1.495023
-0.626593
6.447467
1.979956
7.145111
-3.280961
11.649664
8.138420
-7.295958
-0.497550
1.431390
0.762259
0.292242
-3.664867
5.268574
3.771096
2.859022
11.656563
3.321157
-6.698531
7.095676
9.206645
0.043377
-2.745355
-1.212248
-11.920696
-6.998463
8.718206
5.654948
-4.130263
7.418174
-7.553510
-0.554383
-7.763507
-8.746699
1.928814
-7.004965
3.248023
2.313842
4.762269
-2.015484
-0.140033
0.390950
3.622407
-3.219676
-2.040220
-4.225652
0.832257
4.609644
5.025690
-0.271858
2.185205
-2.481650
5.832543
3.752681
8.656499
11.743464
3.835386
0.092384
-5.751677
7.721192
8.075375
-6.612843
4.368928
-1.476123
0.958003
2.830319
-3.737130
10.087945
1.399581
2.174051
2.686513
3.818645
-5.256909
-3.485639
-5.469385
-5.592313
-2.734436
-2.256562
0.813424
-1.865808
-3.354989
-5.263562
11.623324
9.819464
-3.015300
-0.490799
2.727241
-0.912452
1.618136
13.480091
4.315771
-2.661846
6.786429
0.832667
0.807420
3.648638
9.836450
-7.150671
8.296883
-4.884588
-1.025605
-5.468789
-3.021177
1.561109
5.722161
-2.865686
-6.591491
-2.634661
-0.970430
4.164185
-5.255644
3.929152
3.985884
2.384819
3.600241
-2.115196
4.904047
1.304629
-5.437495
-10.662377
3.299639
-4.734439
-5.930528
5.386275
1.795270
-3.302964
-1.963071
-7.362083
-1.770378
0.074936
7.457157
1.473306
-2.291899
2.773185
2.580704
5.794653
1.178980
-8.329543
1.166562
3.970752
-4.168444
3.807385
-5.616992
2.324325
-1.278972
9.470461
-1.633288
7.296077
1.635624
8.453704
0.251473
-0.560933
11.522750
1.511103
-3.011661
-2.621066
7.552338
-7.415268
-8.084733
3.769230
4.859062
2.213259
9.059642
6.465257
-6.403344
4.378640
0.707618
0.941566
0.860305
0.013464
7.788658
8.397702
2.623748
-8.015116
-10.419592
2.880811
-9.391841
0.550080
-3.848005
-4.859746
-4.668139
0.877027
5.181225
-2.838166
4.482916
-2.010676
-2.611920
2.933054
-1.315406
2.112428
-3.937445
5.963567
3.921612
2.638855
-1.939471
-0.083664
-7.270410
-1.636796
0.188200
3.398061
-0.787249
3.381600
-1.870515
-6.166551
3.696880
-9.919243
-0.109787
3.715677
4.359484
1.924011
9.978693
3.528168
-2.200047
4.494409
1.075514
6.356492
-3.931853
6.015659
-8.348708
1.953798
3.186395
3.119092
9.867134
-7.383826
12.018234
8.375427
-1.379559
-8.645420
4.015941
5.118911
0.893740
-0.016219
-0.138151
-2.153689
2.000820
7.843925
6.503823
1.227404
1.079850
-6.007099
-3.742861
6.130502
-2.308744
1.485128
4.924611
-5.877495
-1.563612
-4.794352
6.562890
-3.245196
2.626784
1.323571
3.372764
-9.844128
0.389082
-1.157244
-0.775842
-4.543332
0.352824
1.949107
4.904194
5.165047
1.210706
5.522383
-5.865208
0.755508
-5.912463
-0.925374
0.854659
-5.402769
-0.217009
1.205398
2.058162
-2.731911
-8.999768
1.776310
0.127109
3.743579
0.077472
1.986525
-2.993883
5.580489
-4.834248
-9.157741
6.656133
7.360560
1.005433
-13.030723
3.956353
2.400314
4.766335
6.172474
7.709348
-0.985728
-3.248535
-6.589727
-0.245235
-2.495525
-2.444392
-2.475471
-2.313565
6.923801
-2.050742
6.061735
1.539182
2.474824
-0.002572
-6.131435
3.894865
-4.073827
-1.565413
-2.461410
0.395702
7.420875
3.439018
-2.411350
4.288284
1.744995
2.446025
1.301866
0.155770
-1.591269
7.535737
-5.181005
-7.191574
-2.277530
-1.181252
2.314991
3.063538
8.473992
4.252055
1.841277
6.753309
0.572365
2.541543
-4.302340
1.831037
7.793146
-4.989361
7.702120
-0.891758
-2.247653
6.120572
-6.704585
-1.081645
1.037887
-3.658142
0.332754
11.017485
2.682395
1.332661
-15.341616
-1.934433
3.745949
-8.870073
-0.724186
10.380816
-0.453953
0.315368
-12.297970
-2.058964
9.776992
0.881103
-4.668645
-0.936920
-3.708752
-4.029961
-7.016276
2.884891
2.506261
6.410161
4.051064
1.790494
9.075872
-6.714767
-0.429420
-4.709600
11.013944
-2.917028
-0.180394
-0.671742
-0.258468
2.047448
-11.164687
-0.142994
-1.573242
-2.631388
-0.904194
-0.380499
2.084125
-0.703037
3.154988
-2.789063
6.212244
0.592735
-5.182211
-7.649244
5.276946
-9.968681
2.284834
-3.088842
-0.673052
-0.716083
5.202350
-7.770124
-7.281562
5.337520
-3.173410
4.572753
1.717746
-0.031311
3.538237
4.113983
5.346409
-3.972514
-0.840922
5.460506
-7.349983
-1.048369
-6.057875
-8.984474
5.475038
-1.975818
4.175854
1.519207
2.010443
-4.819104
9.530879
4.884836
0.418094
-8.000694
2.983828
2.064134
-3.873770
-6.146647
3.024078
-3.488051
5.150526
1.091385
7.248513
2.556468
2.846463
-9.976030
-8.341923
4.317568
-8.682226
2.596412
-4.196838
1.899094
-1.518105
0.145108
-7.429678
-4.514243
5.024831
-1.611002
2.357935
-1.038311
1.070381
0.101299
1.900860
1.952611
-5.306792
2.616123
4.046102
-13.145554
3.911575
-3.075690
1.809677
4.427748
-5.222154
-0.156727
-0.003178
8.945036
2.258871
-5.135780
-1.903913
2.621786
-1.815055
-2.104049
0.366787
0.905026
-0.881097
-0.491178
2.840630
2.639513
-2.738982
1.483094
6.847527
4.565714
7.363557
4.122234
5.416747
2.565208
-7.132590
3.580639
-0.736624
-0.220298
2.356858
7.321062
7.630172
-1.209099
-0.642742
5.027775
-2.516444
5.569485
-2.905778
-0.929980
1.855093
0.284737
-4.037437
0.520020
2.085902
0.502406
1.415141
-0.388482
-0.735626
-2.060590
3.998457
-1.985983
-1.843876
0.113286
1.255763
-1.015713
-1.094318
3.324545
-8.489602
-6.513377
3.617336
2.446243
-2.013621
3.774094
-0.058452
2.930974
-1.210983
2.862229
1.707127
-6.543504
1.411483
3.155741
-8.457907
-0.020144
-0.302242
3.301174
-1.655268
-12.046769
4.688033
8.911458
6.031096
-7.244232
3.499416
-1.796355
-3.722870
5.797889
-0.021029
-5.256675
-3.556675
-9.480842
0.288104
3.029744
8.757593
0.958495
1.967381
-6.480198
-0.722778
6.807621
1.698843
5.745402
-1.940573
1.955149
-6.785637
0.879530
-4.720464
1.105412
-2.093663
-2.131083
-4.999953
-5.780542
0.309107
3.807319
-2.251320
5.836606
0.313772
4.306623
6.614805
7.078811
0.802567
-2.519865
-3.712148
3.933140
-4.933898
-2.839822
-1.873524
2.008266
-11.816354
-1.058279
-6.481315
-4.007023
5.418761
7.362603
-0.522666
3.052613
13.430900
0.572318
8.137615
-4.087470
-2.885919
-3.614828
0.667458
10.481301
2.701385
-5.443002
-3.292867
-1.317473
7.792698
6.179529
7.550184
-2.600253
4.398757
-1.601378
-15.374270
1.926536
-2.767195
-9.891838
2.901284
-0.219699
10.237476
-10.534750
1.002452
4.929980
1.364710
7.522878
4.857721
-1.411983
9.143160
6.390797
-1.903793
5.637186
3.188586
-5.654937
5.141608
-7.320561
9.361488
-0.170328
-6.965832
3.768167
-0.025139
-1.965644
7.033841
-1.464779
0.632776
-3.029849
7.554855
-7.819778
-8.047584
2.378734
-2.858686
-0.454981
0.178053
-4.430512
2.337481
-2.219339
4.651919
-1.748479
3.267661
3.701698
-5.056625
1.362001
-8.720450
-2.233524
-2.845771
-3.046455
6.183059
-4.742676
-1.921073
3.443872
3.580961
-4.184882
5.573607
-1.134056
3.495647
-11.490551
-7.171397
-3.303124
-3.260395
0.799005
3.529946
-3.129226
-5.175163
1.451521
6.339537
-2.378688
-3.860451
-5.098633
-6.284310
-3.352529
-5.087543
1.314426
-1.195798
-2.402497
-1.097099
-10.697971
-6.804407
1.058201
-1.626195
3.653301
5.728774
1.942493
-1.710761
-5.017698
0.428023
-1.005815
-4.478366
8.444236
8.673621
-0.146986
3.630716
1.254021
5.400201
-3.729231
8.101554
-2.877531
1.586124
-4.896974
1.897260
4.098946
-1.142260
-5.667579
5.669113
2.115360
-2.523420
-7.425938
-3.529475
3.207231
2.595959
3.153398
-6.102974
-2.299443
3.113967
0.049078
1.371943
-8.451123
3.558299
-4.334786
-5.153349
-1.493932
0.171201
0.325761
1.517438
3.623150
8.522784
-0.464780
9.058250
-2.727605
4.001967
-0.463124
-5.134139
-4.495090
4.000239
0.279266
8.557936
-4.725574
-4.822757
10.473410
-6.368918
-5.299797
-1.556720
0.301451
2.574778
-6.177583
-3.614767
7.441991
4.421996
9.511237
-1.644638
-3.831165
-4.983135
3.158320
-4.471190
-7.820298
-3.544730
-4.567465
2.293265
1.584977
-0.669751
7.100567
4.598901
14.373975
7.430679
-5.790390
3.603968
3.955841
-2.131519
-3.920604
5.612946
2.078623
8.677403
-2.704037
-1.920134
5.021831
4.513162
-8.730982
-3.430434
-2.261173
6.720812
-2.545439
5.257512
-2.293758
0.248440
4.338499
9.625501
8.135512
-1.379468
-1.738126
1.990827
-4.553179
0.802582
-0.884559
7.019670
1.442720
2.070581
4.344114
7.539541
2.232689
4.131027
-3.865489
-6.778250
2.227589
-3.255274
-1.468905
1.920503
-6.207092
-2.518838
0.787898
-4.967707
-4.774648
-9.183970
3.706702
-0.980766
0.646813
8.894481
6.591563
-6.322338
2.424944
2.839442
1.426020
-4.610238
5.157979
1.948911
2.835863
-2.725825
12.932523
-6.547341
-7.444525
-1.125808
4.266064
-5.647185
-6.132572
8.334850
1.692319
2.062092
-7.106270
1.165222
1.930879
-1.721238
-2.874155
4.002631
2.592282
-7.110328
5.238406
6.483928
-7.830487
-3.083719
1.600624
1.646977
0.332163
1.599471
2.239807
-8.141809
-7.907609
-2.581487
-12.819693
1.057415
5.872461
3.549852
0.299984
-0.014878
8.608238
8.636375
0.299325
1.678163
-2.970481
6.693451
1.860291
-0.508023
3.836789
0.344027
0.984231
-7.603792
-2.153509
-1.998881
3.963336
7.742744
-1.423136
-4.253333
5.931944
-2.304914
4.771135
5.542739
2.193475
-6.898417
-8.225128
4.188344
10.381365
-2.935000
2.401529
0.538182
3.648158
-5.941680
-4.806894
5.620072
1.343806
-13.232243
5.357000
9.297370
-0.285489
0.258990
8.498566
-0.179510
0.228558
-5.185158
1.976709
0.961673
-14.122519
-4.258122
-6.348793
1.026829
3.241310
-1.597127
4.773268
5.671210
8.736467
4.361207
6.563939
-9.944945
-3.950889
-0.663835
12.363258
-1.137383
-5.842801
6.575739
6.821907
-10.784292
-3.721167
-0.846221
-9.506711
-6.297589
-5.236498
0.687732
-6.143951
2.920219
-3.004481
-5.132184
7.981928
5.941883
-5.687011
-6.111194
-1.301191
2.274703
2.066613
3.271898
3.623497
6.965454
-8.189237
9.182085
2.357563
-1.156866
2.513205
-7.196036
3.241803
-4.965531
8.955649
-4.196619
6.525342
2.560980
11.049986
-1.926469
1.550825
-3.469097
0.689982
4.353673
0.049942
0.311524
-3.670697
-1.132167
-0.193434
-12.572866
4.997656
0.144530
0.898992
5.106118
3.606079
7.032845
-0.690390
-6.871143
12.535171
-0.343271
4.577019
-5.650625
7.629354
-2.295963
-3.869407
-4.731804
-7.637161
-2.003385
1.360138
-0.687535
2.021413
3.828320
-1.608264
5.349153
-4.600988
4.924226
1.666477
3.624357
4.156246
-14.941780
-2.839526
-4.659260
-9.638192
0.253368
1.176010
2.910588
1.042330
8.562753
0.999631
1.136485
-3.215067
-3.570212
3.043279
10.584264
0.354881
5.083089
4.445308
4.552417
1.322883
-7.539985
-10.814273
3.448851
-7.479876
-5.237395
-7.967607
0.827819
-5.865525
-0.427055
-6.861830
-2.427265
14.270419
-4.041543
5.198078
-0.753688
-0.184116
-5.378967
5.604192
-1.558353
-6.328525
-4.037363
-2.481795
4.997876
-4.149511
-5.543814
1.062527
-3.906445
4.895411
3.536865
-4.113117
9.049036
-1.876326
-8.622991
0.892437
-3.918733
2.456836
-8.595012
-6.660073
-0.348496
0.469014
-7.654870
2.738642
1.243478
1.793687
-4.908944
11.274360
-1.276609
6.531888
-3.049986
-3.485529
0.731158
-6.275033
1.973748
3.077281
-1.238523
-2.462949
1.703961
0.306448
-0.535969
-7.328547
-2.053157
0.356227
2.827958
0.115091
-3.436892
3.280603
2.422263
1.743735
1.480755
-5.681843
-8.141552
-1.608262
-4.381554
0.044519
1.511143
1.966149
-0.100661
-3.982256
-6.561932
-6.582258
1.797586
-4.069516
-1.951341
-9.283397
2.252874
0.662620
-5.223727
3.854034
-3.266930
4.275191
-4.643791
5.921131
-5.287003
-1.182471
1.454590
-5.581237
-8.304265
-1.723827
-5.444268
-1.745077
0.197546
2.759244
0.523143
-9.983744
2.630998
-4.289991
2.428623
3.678130
-1.303205
1.158920
-1.290937
0.594385
0.382357
-5.319491
-0.568098
13.878500
3.315477
-7.601486
1.106999
-0.117954
13.059922
-5.006719
-9.509631
-2.810178
7.907111
-1.917612
-4.427245
-2.323462
7.549930
7.325928
-3.669077
-1.263323
-1.200038
-6.475642
-0.296617
0.853638
6.675414
10.934269
-8.509927
6.920730
0.002414
2.760914
-1.130823
7.467007
-5.053964
-10.472067
7.490301
6.569011
0.960182
-2.540544
6.212950
1.938751
4.686306
0.851128
2.949884
0.653092
-1.812025
2.481910
0.679233
5.232660
-0.600562
4.029177
1.483058
-10.683858
-6.058123
-3.563550
1.697213
0.801073
-7.682064
0.236081
0.483796
-6.462935
-5.064978
-4.911394
-9.337881
4.476022
4.051518
1.210943
5.946002
-0.440377
-8.482530
5.996311
-4.088564
-1.422871
-1.346773
-0.735861
-1.261781
1.867540
3.354291
-6.334003
-5.411343
0.468711
1.994549
-0.660083
-2.780200
1.473296
3.043356
1.858763
4.081363
9.198644
-7.601368
-5.347439
-7.119690
-0.714413
-3.924770
11.228454
-5.892296
-1.574037
2.404212
2.661760
-5.329167
-0.730635
-11.794605
0.028306
-4.005357
1.376309
-3.568511
1.795085
-3.984947
-4.367563
-6.127322
-4.467326
-8.013831
-8.239473
2.575175
-12.255170
2.736823
2.081311
6.405170
-6.990283
4.734343
-5.442258
5.993235
2.189082
3.899248
7.966049
-5.440749
-2.479407
1.836097
2.801463
-3.469498
2.853654
-7.665842
-3.666671
-4.513303
6.956412
-0.705598
-2.273932
-0.092644
5.682439
2.995766
-2.687697
-4.073113
1.904745
-2.589589
13.325705
6.762098
0.547173
-1.813154
7.340754
-6.935489
0.904134
-5.708442
1.556282
-1.881721
-0.492995
2.798551
-4.601207
0.376301
3.036381
-8.776919
-0.466469
3.081762
3.948700
-7.301639
-3.337862
-3.115471
2.601267
-4.929989
-0.909539
-9.839998
-2.832540
-2.794354
-0.912197
-0.074836
-0.959092
-4.913747
-7.392619
-1.462054
3.195650
-2.417523
-1.946612
-0.543176
-3.812255
7.810722
1.601249
1.398602
-4.732709
-0.999589
-3.479229
-1.286212
-0.091982
0.993885
0.607470
-5.104710
-0.941161
4.035412
2.939924
-2.046272
1.249114
3.311576
3.089324
1.544590
4.413936
-4.196660
-0.753514
1.555489
5.414063
2.029228
2.061509
-2.603562
-6.245065
7.439684
-3.857587
-3.513339
3.659259
-4.909291
1.191027
-8.725764
-3.647163
2.526913
9.476271
10.444045
0.122574
5.336462
0.747693
1.929539
0.749365
4.176382
0.728298
-5.272510
3.089824
-14.633918
1.036004
-0.417337
0.640401
-4.098134
-8.136927
11.255264
1.085724
-7.695078
1.923884
-2.380664
-1.769770
4.900260
-0.873952
-6.811525
-1.970003
0.244491
-0.790218
2.822512
-4.608070
3.330323
7.841524
-7.734502
2.872391
7.502517
-0.668527
-8.132663
-1.664229
-2.323118
2.330141
-4.732209
-0.010803
7.185076
4.131717
-2.252139
-11.949317
7.518143
6.746874
-5.181000
-0.278658
-1.578895
-8.344047
1.124032
-0.267830
-1.707284
-7.511660
3.228929
0.138854
2.774696
-2.545474
-2.157034
6.142280
-1.617161
6.690165
-2.433596
7.707788
-10.902399
5.652177
-5.861837
-6.824689
-4.886736
5.371934
2.473387
-6.310999
-7.571552
4.768343
6.576805
-7.317836
-1.243297
0.799402
-1.888525
6.384235
-0.368446
-7.129580
8.741128
-6.130813
-6.615290
-1.004837
-4.267880
-4.023403
0.954568
-0.574800
5.584125
6.733517
-4.367025
2.193356
-9.792829
0.524297
0.894414
-3.409222
7.809620
4.894039
0.046932
0.674555
1.000495
-7.328859
-2.600335
6.223037
2.480716
-2.442427
2.158640
-7.523202
1.696934
2.159344
0.148127
-0.687345
4.881040
-4.831977
7.944216
6.221707
0.504576
5.183181
4.117405
-1.987128
-9.555953
0.179025
2.823450
-2.762068
-8.473961
2.024977
-3.146539
-0.049587
4.614383
-2.718527
2.988579
-6.925511
-3.984191
-3.077428
6.604410
7.098528
5.720290
0.339254
-5.586039
-0.540398
5.545272
0.121059
3.086510
8.150980
-2.321141
-4.972311
-7.331612
6.267621
-1.059268
6.957496
0.375620
3.668828
-1.767171
-0.751361
3.284778
-4.178838
-1.215533
-1.627827
8.279495
-6.265016
5.859126
1.884945
-6.602605
-2.703408
14.105586
0.711764
-0.480207
-3.929707
1.146494
-0.418760
3.362565
12.592428
0.917176
1.064683
-2.023243
-3.632978
1.919207
5.373748
-1.603371
6.668910
0.765233
0.590540
2.794608
10.663381
-1.487615
-3.217376
-7.982996
7.571096
3.042557
-6.199442
-6.851885
5.583882
-12.226565
-1.451249
9.478263
-1.238386
-9.539209
3.241299
-0.959819
-1.845858
-3.750631
-3.100418
-1.764987
-0.835890
-0.724537
7.745326
-5.769322
5.826180
-7.810244
-11.051531
-6.104933
3.475638
-4.814483
8.621476
4.495277
2.326804
-6.514385
1.444147
-5.843550
5.062523
-2.376346
-3.490378
7.070749
-6.280334
5.252947
4.545913
3.804995
9.043320
-5.180550
-0.162594
-4.637072
12.265252
-0.270793
6.873899
-3.023957
-3.399715
17.153181
0.976512
2.435074
10.771582
10.579591
6.056467
13.925510
-9.027497
12.131192
2.740945
4.677582
-1.963217
-2.191214
-14.220193
4.941782
-0.182282
3.537599
5.051604
-0.063522
2.133290
-2.491280
-0.245224
10.017802
3.331152
0.647549
-2.578209
3.246583
-1.706602
-11.165037
3.489511
5.691612
1.766081
2.350954
-2.053372
10.172700
-0.811438
-8.035778
5.247014
0.194505
-16.063008
2.538712
-1.502323
-3.968560
-3.736042
10.657688
-1.295863
-9.534986
7.210540
-4.284511
-3.522755
-6.976169
5.752060
1.366464
-3.423587
-1.563387
11.078163
-3.156915
-5.086022
-8.146284
-0.465480
3.634408
-8.413069
0.525231
1.782656
-5.945597
5.631521
0.261340
7.575661
-4.622864
7.211013
3.612596
3.309022
8.287845
-0.101962
5.527789
1.520217
-7.324043
-6.327763
1.012931
-0.064096
-1.089509
2.080383
2.648955
5.088608
0.023367
4.338411
-7.283374
-1.937162
8.733313
-4.976365
-0.029571
1.069298
-0.022220
2.975903
2.543408
-6.085605
-6.563994
9.127327
7.191656
1.589155
-8.368223
-5.273389
-1.054341
0.081869
0.762326
3.894147
-3.817812
-1.637449
4.732923
-0.902840
-9.252736
5.342221
1.085367
3.474983
0.239345
0.693961
-4.292388
3.653580
0.903859
-3.266169
-3.333042
5.860170
1.808753
8.076473
3.264566
1.825286
-2.014375
3.371439
1.305094
6.630630
5.742465
2.205590
6.515684
3.444435
-6.174007
-1.478904
-5.319745
4.764365
-0.665764
1.726179
-0.738020
6.148484
7.650243
-0.454356
2.465089
6.880243
3.814703
-6.826021
12.341169
-0.986160
0.217063
-0.657923
-3.663955
6.142039
7.840151
-3.394559
3.799501
-3.220415
5.948947
-1.589084
-7.168814
-3.845382
-1.910841
-3.501225
-4.929053
-4.674402
0.471992
-0.929971
-7.286729
-4.075513
2.059797
4.608243
0.055982
-6.654207
2.108158
-5.608888
-2.139181
-0.011842
-5.915436
-0.710068
-6.877827
0.606396
2.709008
-0.983365
-7.649030
1.589182
4.295611
1.238514
0.742660
-0.430361
4.846893
-0.165684
-3.094040
1.894060
2.688298
-1.576318
1.943778
0.843040
-1.458022
-1.479104
0.783709
-2.377384
6.893504
-6.185787
-0.922880
-1.792501
0.871327
4.524107
3.178579
6.839330
-2.542751
-4.544549
-6.731661
7.132221
-0.615970
5.732207
-9.128575
-5.254378
-1.528701
5.363875
-0.695734
-0.232274
1.133226
6.740211
4.883543
0.456616
4.183406
6.594001
-3.081766
6.825177
-8.649568
0.601475
4.790015
-3.997344
-0.013184
10.336236
-3.568215
5.425652
6.075991
3.926109
-5.306472
-3.270787
-0.551457
10.156430
0.246917
3.575175
-7.773009
-2.197228
1.193732
-3.558799
-4.874582
4.700377
-8.279278
-2.400565
-6.498691
-6.855912
-2.316252
-9.056729
2.685408
1.745250
2.003872
10.948135
-5.255967
4.165638
3.281002
1.789659
1.826481
3.860480
1.169495
-1.158299
1.689940
5.487895
-1.833726
-3.834755
-3.291556
-11.413297
-8.269287
3.331373
-15.011146
-0.787065
3.826143
-0.312387
-9.003373
4.834745
-3.880938
4.213676
9.196509
3.523402
0.402841
-1.118812
7.886493
3.294562
-0.810506
6.125751
12.413240
-4.381383
-5.384635
3.682581
4.330941
3.431748
-2.190490
3.767955
6.114225
0.924835
-0.872805
-3.547439
-5.882796
0.708549
12.137507
-1.274049
6.060940
0.746070
-2.069525
-1.806214
14.228716
-9.746691
-3.242357
-1.356482
3.275173
-2.094630
2.471874
8.589660
-3.782933
5.345192
0.569690
-8.275180
0.666588
-1.696201
5.403086
-2.815888
0.237495
-7.960180
11.017911
-9.530072
0.889352
-7.666546
4.244099
7.060545
-2.969803
-5.591569
-4.621487
6.504103
2.207609
-5.064608
2.808872
1.209012
11.529632
-3.354716
-3.837256
0.794490
3.520187
-4.321001
7.431248
-4.414320
-1.301954
0.031365
5.746401
2.781923
1.305024
-5.640750
-0.955524
0.809254
8.775706
1.877628
2.868959
-2.567183
3.448743
-5.580044
6.204582
5.037238
0.633031
-4.872207
-0.206626
-2.927074
-0.254962
5.341822
1.097897
-7.989637
2.235237
-2.559392
7.578164
4.694756
0.207325
-2.080902
-0.004646
-5.328469
-2.348615
-9.766066
18.389554
-0.508713
-0.856985
0.590021
3.058280
5.880181
1.249928
1.121316
2.554382
2.498115
1.813354
-9.705895
-0.321331
0.930828
2.650115
-3.446030
5.235716
4.186369
-8.073946
2.174218
2.132358
4.104164
7.088369
3.857403
3.735705
2.058488
11.956949
-3.730241
4.493687
-3.400134
-6.153795
-10.991045
-3.526996
-5.175075
0.329400
2.963327
-1.791425
6.545865
-6.143819
4.577778
4.054479
0.772287
-2.495625
5.229773
-5.688116
3.567803
-1.670494
3.991686
3.808040
-5.766727
-2.111526
4.262444
-0.767301
-7.227502
-0.223209
-2.630528
9.038704
7.457342
-1.193552
2.942051
6.483295
7.252917
2.137899
2.131519
4.621703
4.977888
5.936017
-5.800108
9.084228
5.397287
1.314607
-7.509143
-3.643306
-1.377330
-2.584867
2.642814
-1.517222
4.839238
0.842049
4.695074
-9.801167
0.738977
1.426002
-8.768626
-5.743909
1.310426
-3.596487
-3.648346
-0.491415
4.413118
1.569730
-9.317799
-5.090759
-4.928666
-1.427462
-3.078515
8.156942
8.841876
6.474776
0.085356
-9.350031
-2.300851
4.586554
-0.373341
-6.571857
2.082779
-5.096253
-1.645987
-0.796836
-1.824047
3.104628
3.249955
0.513814
-1.774071
7.894820
-5.609095
-4.696576
-3.236856
2.681354
-10.994806
-2.587279
-1.928456
-0.602429
2.874529
4.492973
0.046844
-3.069537
-2.051400
3.471638
-0.976850
-1.956244
-2.031743
1.802485
-2.093022
2.716487
0.980472
-0.094419
9.822970
3.646775
-0.360805
4.629742
2.973582
1.913615
2.437679
-5.703846
-1.333569
0.019201
4.153039
-1.389840
-5.298553
7.274214
0.001076
2.708351
3.585850
-5.101742
1.986853
4.481344
8.530928
-1.921792
-5.775431
-1.105408
7.368656
6.862907
2.952434
-3.095423
-6.140943
-5.066494
-3.116953
5.406543
0.486998
1.306944
0.701992
-3.646266
0.849820
8.736413
1.835348
5.415807
-5.771832
-4.649719
1.579188
0.135824
-7.837705
4.115704
-9.109479
2.491944
-2.495836
-0.701312
-2.973068
-11.468762
-2.861111
-5.340269
-5.237607
1.954305
-7.758564
-7.035188
0.077399
-4.119165
-4.853483
-9.403021
-4.731009
-2.040785
7.162474
-1.404971
2.749584
-5.468817
2.826223
1.563548
-1.154056
-7.349169
-1.142956
-2.113774
-2.586992
-1.502851
7.258101
-1.168409
0.468562
-2.835290
-1.510689
7.389837
-5.336263
3.277323
2.834654
0.233442
-6.568956
2.122552
-2.654573
5.048900
-6.183083
-7.102818
-6.819485
1.259448
-1.323634
-3.714587
-2.623148
-2.581731
6.293692
3.552312
-3.802234
-5.572702
-1.290047
-1.907937
1.560810
-3.129038
4.227972
-7.957922
-0.976918
4.121866
1.920686
-9.004760
1.417689
3.839348
-4.557708
-6.356068
-0.672758
6.181123
-1.591490
-6.286528
-5.853057
3.778241
4.905031
1.425254
-3.115086
2.072863
-2.862707
2.323412
-7.503226
-1.941768
2.367997
-5.684543
-1.757452
0.961325
-1.874794
0.829391
-0.865773
3.082782
-4.290844
-1.280740
1.916397
0.770189
12.041766
6.255361
1.229213
7.550715
1.601558
-8.539695
-5.699117
0.687763
-1.560995
-0.521651
5.656761
2.644356
-4.096531
0.898627
-0.030972
-0.951748
-0.845516
13.082149
4.679605
-1.043652
3.720680
8.592066
-3.268162
-7.512572
-5.323754
-4.541751
5.869457
-1.028938
2.346959
-1.259034
0.750110
-0.249687
-10.733414
-7.265877
-8.650514
-5.299494
-0.278021
1.719157
0.370235
-2.009512
6.277866
-0.658912
-9.880647
-4.376631
-4.016711
-1.629987
-4.715781
-4.251819
4.047574
-4.601191
-2.337459
-6.249433
1.552323
2.530747
4.309521
1.107175
1.914428
0.520714
-0.946425
-7.053930
-2.385320
1.142092
-11.908723
0.724497
1.921250
-5.549327
-1.611016
-1.648168
3.608451
-0.367346
1.879887
-3.522424
0.947417
5.080918
0.023869
4.527908
-8.408110
5.505251
4.376033
0.029423
9.168222
-5.409496
-15.301170
3.244289
-12.669957
-9.034953
-2.622893
-3.968647
-2.176281
-5.593155
1.904583
-4.816342
-8.994734
2.761898
0.416257
-4.618028
7.101199
3.895506
-10.362399
-5.953644
1.586859
-5.319061
-2.326574
3.417238
10.361965
-3.529416
-7.084159
-4.160213
3.454385
-5.181894
-2.925165
2.682359
4.241270
8.266257
5.355765
2.536180
1.372532
-6.752187
-6.690251
-0.348751
1.286757
-2.370043
2.856824
9.512211
4.692901
2.419287
-6.804566
8.524275
-5.893370
-8.591800
0.252184
0.949992
3.053469
-9.774924
-2.915590
3.453304
3.742765
6.355225
-7.329754
-0.019411
6.456497
17.032989
0.857306
4.602224
-5.502173
6.539546
8.423610
5.277445
-6.479951
-0.656087
-10.753483
-6.388653
-6.632854
2.667364
-0.199839
-1.029371
-6.009939
4.032595
10.130544
-5.096138
5.767716
-5.519297
-0.881576
1.485205
6.323840
7.019951
-2.055734
1.946873
3.986600
-12.510612
1.844719
1.322309
0.597977
-1.772239
-2.045871
-6.356554
-0.007983
-1.217671
2.217018
4.003471
5.241316
2.864026
-0.794911
-7.437792
3.449783
-1.505803
5.045946
3.658096
-4.374339
2.637316
2.982078
-2.686368
-6.558448
1.689756
5.533024
-0.814384
10.937984
-2.276979
1.303787
4.434239
-8.292011
4.565632
2.147663
1.544722
8.581514
-0.044160
-2.352148
2.875723
6.279217
5.413884
4.958889
2.938354
1.173566
-6.191419
8.021475
-6.513724
-6.561395
-6.064132
6.107916
8.969076
1.633674
-14.372193
-10.581052
-1.217288
0.011347
0.649741
0.907816
5.041337
-4.939167
-3.518053
10.543480
-1.664882
-3.711646
-0.698892
-1.172231
-8.459372
-1.615589
2.696757
7.154275
-12.372133
2.436350
-5.810116
-0.328482
3.732087
6.550438
12.887806
3.268969
-5.458144
4.651801
-3.881425
-0.266341
-1.112390
10.004709
-6.794263
4.491372
-4.594906
-1.714388
6.113574
8.149992
-0.743435
-1.795296
-1.995318
-1.206405
-1.813639
0.348115
-9.443584
10.294817
2.213316
-2.134605
-4.614799
2.295132
-1.653011
-1.969923
-0.766103
-0.890941
-3.001935
0.519533
-4.606428
-1.656315
5.981353
4.211164
6.128364
5.374634
1.113664
-1.227443
-2.272464
0.718670
0.855889
1.584287
-2.134700
10.801202
-0.972720
1.520747
-0.851837
1.271155
4.516432
9.532819
-4.266358
-3.123781
-0.421403
1.809294
-0.257259
2.204195
-1.012134
0.082895
3.070445
0.780489
1.340272
-1.465899
-4.343889
-3.688288
-3.528150
8.104727
-12.252355
10.253632
-2.465670
-5.619359
-4.466699
-0.754127
-4.638190
-12.072146
-5.658486
6.946009
-4.482687
2.611133
-0.492265
-0.929152
6.210645
-4.771067
-5.928561
0.544591
-9.087549
-7.444070
-2.435029
2.792316
4.758720
1.234734
5.825635
-4.653090
-3.824156
3.384932
0.178345
-1.506463
2.885170
-4.394426
1.269133
0.694080
-1.065514
3.919431
2.869570
-2.263939
4.962551
-7.294105
-10.904419
-6.504022
0.627995
-2.903476
3.082037
2.360649
-2.516286
-2.018264
-3.434165
0.366193
-3.574088
-2.953643
7.359005
-2.764869
6.571383
0.474651
-5.224176
0.774393
-1.861021
-2.510498
3.291800
-0.086641
-1.848498
-6.918475
4.750452
0.801617
1.646192
-5.594691
-13.237512
6.128355
-4.233649
-6.683257
5.639838
-4.801792
4.632180
8.174523
2.762700
3.917324
-2.436397
-0.099141
-3.299455
0.244812
6.270561
-6.592184
-0.354909
-8.881694
4.358750
3.705104
-6.611712
-4.586660
6.069465
4.590200
-3.274759
-2.072128
-2.264460
-2.306409
0.182783
-10.290592
-5.934791
1.532920
-4.589466
-1.042450
1.116779
-8.341828
-8.292786
3.851912
-11.927345
1.465278
2.899571
-2.371583
2.997690
6.378443
5.506312
3.631139
-1.390185
-6.032453
-0.142357
4.361670
6.681438
7.833456
-2.486040
-3.613913
-6.704809
-5.679764
-7.152039
6.824655
-5.270629
4.020600
2.224680
9.870226
3.806270
0.140440
-0.611965
-3.211543
1.686230
-0.446902
-3.946435
1.093913
3.095252
-2.135627
-1.574292
-0.698732
2.186666
1.361631
4.994480
1.607913
4.830373
0.254845
4.251888
-4.568034
-1.585411
0.961064
8.764853
-4.465399
-9.507099
2.724891
0.851720
0.730746
-2.052810
4.230706
0.097698
6.407960
-2.444211
3.470870
-6.076882
1.297610
-1.958538
10.841436
2.444910
-1.278914
2.259418
4.062907
-2.188870
2.286475
2.333507
3.469018
-4.906449
0.072047
1.537986
-3.894408
-0.734672
-6.227932
-2.819241
8.546001
-3.236055
7.557140
-8.475061
1.240043
0.697295
1.371605
4.025160
-3.484057
4.448539
1.328016
4.631618
-4.241804
0.264488
6.586606
-1.009098
2.183313
1.668585
-3.523455
-5.244556
-1.808450
-0.030142
0.864822
-5.362449
1.003216
1.807117
-3.254752
6.164590
6.518666
2.169757
2.461920
-4.442337
3.748430
0.142223
-3.295708
-7.631114
-4.799458
2.631326
14.093845
1.530823
2.030063
7.409667
8.196803
-4.987744
1.481293
-5.147869
7.468895
1.632487
3.003016
1.647975
-1.876456
-6.113195
7.704368
-7.989908
3.951756
6.626701
4.010123
7.312444
-0.774481
-0.246441
1.808905
-3.330094
5.965865
1.030106
8.704005
-1.519376
0.276657
-3.289887
1.209416
1.447184
0.748201
1.898500
3.514015
9.247739
-3.839346
2.605836
-0.120187
3.731829
7.681816
2.489650
-5.372941
9.086881
-8.200780
0.484239
-0.877791
12.354889
0.830554
-5.147707
5.790274
-0.703644
1.650872
-2.897104
7.662277
-6.823291
-1.959407
1.772020
-7.088594
-5.622371
-2.844524
-3.300184
9.261174
-2.946809
-5.345248
0.587750
3.742921
-3.041490
-3.801011
2.008327
-6.497502
-1.934522
-1.051732
-7.601161
1.128027
-0.250075
6.523664
-2.060296
-2.350134
4.686337
2.728361
2.320610
1.594144
-5.732579
-3.872276
-2.264621
2.886938
-9.534129
3.269317
0.940828
1.096352
3.713888
3.108146
0.761196
-7.731563
6.639091
3.530227
3.731856
2.241226
-2.209348
-2.230857
0.017776
8.016363
2.306581
-7.092390
7.418176
-5.187375
-2.037549
-2.600259
-0.304179
-2.702993
2.795466
1.596627
-5.875646
4.990882
2.055495
-1.946305
-1.972611
-2.410829
2.551366
3.702957
-3.074861
-3.203930
0.601872
-0.440959
0.057377
-3.480052
-0.090271
5.585300
-3.248898
-1.819951
-4.449262
-0.188627
9.135447
-6.662382
10.724319
-0.386736
-2.089278
2.274701
-9.856450
-0.523879
0.241932
0.042534
4.990415
4.114801
-6.994849
7.654037
-3.737182
3.097279
5.588654
-4.519035
0.955290
-13.003631
6.967062
-5.629961
-1.552734
2.763687
2.028158
2.979967
2.361124
0.219810
5.947888
-3.578459
-6.268813
0.564733
0.382601
6.664613
-4.345669
-3.838413
-7.501592
2.283534
1.819790
-0.039099
6.114100
3.029295
-0.022524
-5.819163
-4.562891
5.849994
4.923061
-2.595120
-4.098399
4.958385
-3.956392
-7.748792
-12.800875
2.778778
-5.192668
-3.531000
-1.078778
3.278445
5.608979
6.043163
-3.377043
4.611982
-2.608670
-3.394013
-6.001225
-2.121976
10.405647
5.030415
1.717014
-0.715155
0.244865
-6.229443
-2.055379
-3.797921
3.680557
-3.434124
-6.138574
0.718947
-2.589602
-2.522172
3.458371
6.309618
-3.279121
6.589484
-1.261618
-0.710030
-0.450716
1.194105
-5.733650
-2.885641
-1.684897
-0.519006
-4.175498
